%YAML:1.0
# Input-output configuration
input: [848, 800]
output: [848, 800]

# Camera calibration parameter
K1: !!opencv-matrix
   rows: 3
   cols: 3
   dt: d
   data: [ 285.70660400390625, 0.0, 415.6278991699219,
           0.0, 285.67388916015625, 399.0491027832031,
           0.0, 0.0, 1.0 ]
D1: !!opencv-matrix
   rows: 1
   cols: 4
   dt: d
   data: [ -0.0067135849967598915, 0.04249203950166702, -0.03930244967341423, 0.006855241023004055 ]
K2: !!opencv-matrix
   rows: 3
   cols: 3
   dt: d
   data: [ 285.5022888183594, 0.0, 418.2619934082031,
           0.0, 285.4454040527344, 403.1922912597656,
           0.0, 0.0, 1.0 ]
D2: !!opencv-matrix
   rows: 1
   cols: 4
   dt: d
   data: [ -0.006146689876914024, 0.04126062989234924, -0.03818327933549881, 0.006399303209036589 ]
R: !!opencv-matrix
   rows: 3
   cols: 3
   dt: d
   data: [0.99998454551058147, 0.0022738086501326968, -0.0050733158997169512,
         -0.0022607506862022749, 0.99999412117610353, 0.0025781038705042776,
         0.0050791481894678992, -0.0025665945248236851, 0.99998380729200542]

T: [ -0.063902690726592049, 0.00062564963118827421, 0.00040208545988029698]
